;Cristo Redentor;Jardim Botanico;Praia de Ipanema;Parque Lage;Praia do Arpoador;Maracana;Praia da Barra da Tijuca;Centro Cultural Banco do Brasil;Museu do Amanha;AquaRio;Escadaria Selaron;Forte Copacabana;Santa Teresa;Praia da Reserva;Pedra da Gavea;Pedra do Telegrafo;Prainha;Morro Dois Irmaos;Mosteiro De Sao Bento;Mirante Dona Marta;Theatro Municipal do Rio de Janeiro;Parque Nacional da Tijuca;Real Gabinete Portugues Da Leitura;Praia do Grumari;Pedra Bonita;Praia Da Joatinga;Centro Cultural Jerusalem;Bondinho de Santa Teresa;Ilha Da Gigoia;Pedra do Sal;Catedral Metropolitana de São Sebastião;Vista Chinesa;Museu Historico Nacional;Igreja de Sao Francisco da Penitência;Parque das Ruinas;Museu de Arte do Rio;Mureta da Urca;Quinta Da Boa Vista;Feira de Sao Cristovao;Biblioteca Nacional
Cristo Redentor;0;5922;9140;3938;10492;11073;24112;12342;12955;13074;10256;11055;9924;27060;16224;47528;39357;30090;14593;4481;10989;15247;11346;42046;13395;17438;18586;11228;18991;12286;10942;9040;11766;11518;9929;12728;12353;11220;11882;11156
Jardim Botanico;5922;0;4060;2188;5376;14407;19626;11269;12595;13033;9366;5940;10008;22573;15089;43041;34870;29187;14368;7422;10106;15749;10838;37559;11209;12359;22982;10324;15013;12401;10363;5165;11391;10729;10013;12545;7664;14992;15551;10273
Praia de Ipanema;9140;4060;0;5215;1423;16341;18319;13165;14491;14928;11262;2119;11903;21268;16201;41736;33564;27882;16264;10635;12002;19527;12733;36253;12233;11054;24878;12220;13708;14297;12259;8847;13286;12625;11908;14440;8871;16887;17447;12168
Parque Lage;3938;2188;5215;0;6572;13968;20897;10829;12155;12593;8926;6643;9568;23845;18777;44312;36141;30458;13928;5723;9666;17113;10398;38830;14809;13630;22543;9885;16285;11962;9923;7239;10951;10289;9573;12105;7224;14552;15111;9833
Praia do Arpoador;10492;5376;1423;6572;0;15288;19655;12111;13437;13874;10208;835;10849;22602;17537;43070;34901;29218;15209;12726;10947;20874;11679;37590;13569;12388;23824;11166;15043;13243;11204;10163;12233;11570;10854;13386;7815;15833;16392;11114
Maracana;11073;14407;16341;13968;15288;0;23986;5943;6298;4870;5805;15625;6220;26603;15237;48122;39952;23355;8592;8827;6102;8693;5386;42641;12408;18757;7559;5761;18004;5631;5508;14582;6953;5752;6225;6073;13380;1661;2785;6332
Praia da Barra da Tijuca;24112;19626;18319;20897;19655;23986;0;28204;29935;28514;28048;20352;28603;2954;11909;23411;15240;11742;32225;25327;28583;16388;27276;17930;14367;9502;25003;27530;6984;27892;27277;19189;29825;27447;28607;29630;26464;25305;26429;28703
Centro Cultural Banco do Brasil;12342;11269;13165;10829;12111;5943;28204;0;1073;2075;2181;11508;3198;32118;20308;53931;45760;29172;3086;10095;1182;14499;1103;48449;17479;22801;13355;1322;23075;1276;1719;16321;1112;960;3203;977;9261;5484;5813;1034
Museu do Amanha;12955;12595;14491;12155;13437;6298;29935;1073;0;1506;3019;12834;3633;32559;20667;54291;46120;29524;3040;10708;2017;14869;1692;48809;17838;24127;12821;2407;23434;820;2342;17647;2051;1892;3638;375;10591;5058;5064;1869
AquaRio;13074;13033;14928;12593;13874;4870;28514;2075;1506;0;3457;13271;4075;31132;19465;52784;44613;28017;4263;10828;2974;13495;2204;47302;16636;22985;11314;3098;22232;1003;2947;18082;3052;2583;4079;1201;11028;3551;3558;3021
Escadaria Selaron;10256;9366;11262;8926;10208;5805;28048;2181;3019;3457;0;9605;696;31775;19678;53850;45678;29082;4809;7932;1036;14359;1416;48367;16849;20898;13399;937;22445;2826;835;14414;2011;1215;701;2969;7358;5409;5968;1261
Forte Copacabana;11055;5940;2119;6643;835;15625;20352;11508;12834;13271;9605;0;10247;23299;18233;43767;35597;29915;14604;12217;10345;22675;11077;38286;14266;13085;23218;10563;15739;12640;10602;10727;11630;10967;10251;12783;7219;15228;15786;10511
Santa Teresa;9924;10008;11903;9568;10849;6220;28603;3198;3633;4075;696;10247;0;32196;20093;54264;46093;29496;5457;7678;1903;14773;2134;48782;17264;21541;13814;1721;22859;3443;1445;15059;2761;2014;4;3582;8000;5823;6382;2021
Praia da Reserva;27060;22573;21268;23845;22602;26603;2954;32118;32559;31132;31775;23299;32196;0;14858;21503;13332;14126;34842;28275;32078;19006;31413;16022;17315;12449;27621;31731;9931;31807;31485;22136;33121;31733;32194;32240;29411;27922;29047;32309
Pedra da Gavea;16224;15089;16201;18777;17537;15237;11909;20308;20667;19465;19678;18233;20093;14858;0;35325;27154;18271;22957;17438;19974;11295;19380;29843;2863;5879;20472;19634;6446;19996;19381;9980;21193;19551;20097;20438;24344;16255;17380;20018
Pedra do Telegrafo;47528;43041;41736;44312;43070;48122;23411;53931;54291;52784;53850;43767;54264;21503;35325;0;8170;26869;56658;48742;54278;37537;53383;5463;37782;32907;42985;53937;30389;53493;53685;42604;54941;53749;54269;53987;49859;49629;49437;54488
Prainha;39357;34870;33564;36141;34901;39952;15240;45760;46120;44613;45678;35597;46093;13332;27154;8170;0;18695;48486;40571;46106;29366;45211;2689;29611;24746;34813;45766;22218;45322;45513;34433;46770;45577;46098;45815;41708;41458;41266;46317
Morro Dois Irmaos;30090;29187;27882;30458;29218;23355;11742;29172;29524;28017;29082;29915;29496;14126;18271;26869;18695;0;31890;32135;29510;14421;28615;21387;21591;18299;18217;29169;15630;28726;28917;25166;30182;28981;29501;29219;36657;24862;24670;29721
Mosteiro De Sao Bento;14593;14368;16264;13928;15209;8592;32225;3086;3040;4263;4809;14604;5457;34842;22957;56658;48486;31890;0;12346;3681;17157;3780;51175;20128;25900;15501;3986;25724;3519;4111;19419;3324;3858;5461;3153;12513;7787;7744;3533
Mirante Dona Marta;4481;7422;10635;5723;12726;8827;25327;10095;10708;10828;7932;12217;7678;28275;17438;48742;40571;32135;12346;0;8629;16461;9099;43260;14609;18938;16339;8982;20205;10040;8695;10540;9406;9271;7682;10481;9991;8974;9635;8796
Theatro Municipal do Rio de Janeiro;10989;10106;12002;9666;10947;6102;28583;1182;2017;2974;1036;10345;1903;32078;19974;54278;46106;29510;3681;8629;0;14808;1040;48795;17145;21640;13843;441;22741;2259;724;15157;1268;481;1908;1915;8098;5932;6314;205
Parque Nacional da Tijuca;15247;15749;19527;17113;20874;8693;16388;14499;14869;13495;14359;22675;14773;19006;11295;37537;29366;14421;17157;16461;14808;0;13950;32055;8466;16163;10495;14467;14608;14196;14215;10640;15509;14316;14778;14697;22944;10285;11410;15056
Real Gabinete Portugues Da Leitura;11346;10838;12733;10398;11679;5386;27276;1103;1692;2204;1416;11077;2134;31413;19380;53383;45211;28615;3780;9099;1040;13950;0;47900;16551;22370;12948;846;22147;1573;782;15889;1888;455;2139;1642;8833;4927;5309;1003
Praia do Grumari;42046;37559;36253;38830;37590;42641;17930;48449;48809;47302;48367;38286;48782;16022;29843;5463;2689;21387;51175;43260;48795;32055;47900;0;32300;27435;37503;48455;24907;48011;48202;37122;49459;48266;48787;48504;44398;44147;43955;49006
Pedra Bonita;13395;11209;12233;14809;13569;12408;14367;17479;17838;16636;16849;14266;17264;17315;2863;37782;29611;21591;20128;14609;17145;8466;16551;32300;0;7123;17643;16805;10492;17167;16552;6100;18364;16722;17268;17609;20377;13426;14551;17189
Praia Da Joatinga;17438;12359;11054;13630;12388;18757;9502;22801;24127;22985;20898;13085;21541;12449;5879;32907;24746;18299;25900;18938;21640;16163;22370;27435;7123;0;24171;21858;4038;24036;21896;12207;22924;22262;21544;24269;19196;19775;20900;21806
Centro Cultural Jerusalem;18586;22982;24878;22543;23824;7559;25003;13355;12821;11314;13399;23218;13814;27621;20472;42985;34813;18217;15501;16339;13843;10495;12948;37503;17643;24171;0;13502;21454;12024;13250;19816;14322;13314;13818;12516;20974;7875;7908;14170
Bondinho de Santa Teresa;11228;10324;12220;9885;11166;5761;27530;1322;2407;3098;937;10563;1721;31731;19634;53937;45766;29169;3986;8982;441;14467;846;48455;16805;21858;13502;0;22400;2466;384;15376;1543;599;1725;2356;8316;5591;5973;451
Ilha Da Gigoia;18991;15013;13708;16285;15043;18004;6984;23075;23434;22232;22445;15739;22859;9931;6446;30389;22218;15630;25724;20205;22741;14608;22147;24907;10492;4038;21454;22400;0;22763;22148;14067;23960;22318;22864;23205;21852;19022;20147;22785
Pedra do Sal;12286;12401;14297;11962;13243;5631;27892;1276;820;1003;2826;12640;3443;31807;19996;53493;45322;28726;3519;10040;2259;14196;1573;48011;17167;24036;12024;2466;22763;0;2316;17453;2253;1952;3448;501;10397;4260;4267;2065
Catedral Metropolitana de São Sebastião;10942;10363;12259;9923;11204;5508;27277;1719;2342;2947;835;10602;1445;31485;19381;53685;45513;28917;4111;8695;724;14215;782;48202;16552;21896;13250;384;22148;2316;0;15414;2089;754;1449;2292;8355;5339;5721;768
Vista Chinesa;9040;5165;8847;7239;10163;14582;19189;16321;17647;18082;14414;10727;15059;22136;9980;42604;34433;25166;19419;10540;15157;10640;15889;37122;6100;12207;19816;15376;14067;17453;15414;0;16438;15780;15060;17596;12714;15600;16725;15320
Museu Historico Nacional;11766;11391;13286;10951;12233;6953;29825;1112;2051;3052;2011;11630;2761;33121;21193;54941;46770;30182;3324;9406;1268;15509;1888;49459;18364;22924;14322;1543;23960;2253;2089;16438;0;1529;2766;1955;9536;6494;6565;807
Igreja de Sao Francisco da Penitência;11518;10729;12625;10289;11570;5752;27447;960;1892;2583;1215;10967;2014;31733;19551;53749;45577;28981;3858;9271;481;14316;455;48266;16722;22262;13314;599;22318;1952;754;15780;1529;0;2019;1766;8724;5293;5675;517
Parque das Ruinas;9929;10013;11908;9573;10854;6225;28607;3203;3638;4079;701;10251;4;32194;20097;54269;46098;29501;5461;7682;1908;14778;2139;48787;17268;21544;13818;1725;22864;3448;1449;15060;2766;2019;0;3587;8004;5828;6387;2026
Museu de Arte do Rio;12728;12545;14440;12105;13386;6073;29630;977;375;1201;2969;12783;3582;32240;20438;53987;45815;29219;3153;10481;1915;14697;1642;48504;17609;24269;12516;2356;23205;501;2292;17596;1955;1766;3587;0;10540;4753;4759;1767
Mureta da Urca;12353;7664;8871;7224;7815;13380;26464;9261;10591;11028;7358;7219;8000;29411;24344;49859;41708;36657;12513;9991;8098;22944;8833;44398;20377;19196;20974;8316;21852;10397;8355;12714;9536;8724;8004;10540;0;12983;13543;8264
Quinta Da Boa Vista;11220;14992;16887;14552;15833;1661;25305;5484;5058;3551;5409;15228;5823;27922;16255;49629;41458;24862;7787;8974;5932;10285;4927;44147;13426;19775;7875;5591;19022;4260;5339;15600;6494;5293;5828;4753;12983;0;1412;6033
Feira de Sao Cristovao;11882;15551;17447;15111;16392;2785;26429;5813;5064;3558;5968;15786;6382;29047;17380;49437;41266;24670;7744;9635;6314;11410;5309;43955;14551;20900;7908;5973;20147;4267;5721;16725;6565;5675;6387;4759;13543;1412;0;6362
Biblioteca Nacional;11156;10273;12168;9833;11114;6332;28703;1034;1869;3021;1261;10511;2021;32309;20018;54488;46317;29721;3533;8796;205;15056;1003;49006;17189;21806;14170;451;22785;2065;768;15320;807;517;2026;1767;8264;6033;6362;0
